link_id,from_node_id,to_node_id,length
0,1,4153,86.99924516
1,4153,1,86.99924516
2,2,3156,98.98843843
3,3156,2,98.98843843
4,3156,3152,41.73257958
5,3152,3156,41.73257958
6,3152,3,1.378848318
7,3,3152,1.378848318
8,17,18,81.57797929
9,18,17,81.57797929
10,18,19,80.16146293
11,19,18,80.16146293
12,19,20,240.2823585
13,20,19,240.2823585
14,20,311,42.52200665
15,311,20,42.52200665
16,311,21,41.63225074
17,21,311,41.63225074
18,21,310,41.29781244
19,310,21,41.29781244
20,310,22,41.80933441
21,22,310,41.80933441
22,22,309,41.39804705
23,309,22,41.39804705
24,309,23,41.76481572
25,23,309,41.76481572
26,23,4154,7.639114018
27,4154,23,7.639114018
28,24,276,6.488351989
29,276,24,6.488351989
30,276,391,4.98590558
31,391,276,4.98590558
32,391,3258,7.569980636
33,3258,391,7.569980636
34,3258,4118,99.89257349
35,4118,3258,99.89257349
36,4118,25,84.35376919
37,25,4118,84.35376919
38,856,3438,52.04563609
39,3438,856,52.04563609
40,3438,27,59.06275481
41,27,3438,59.06275481
42,700,3359,8.567299045
43,3359,700,8.567299045
44,3359,3355,16.98329589
45,3355,3359,16.98329589
46,3355,2545,55.76646796
47,2545,3355,55.76646796
48,2545,29,8.463806439
49,29,2545,8.463806439
50,29,2544,9.79113526
51,2544,29,9.79113526
52,2544,1827,30.32014811
53,1827,2544,30.32014811
54,1827,3526,35.05323076
55,3526,1827,35.05323076
56,3526,1833,32.32475832
57,1833,3526,32.32475832
58,1833,3541,10.83782252
59,3541,1833,10.83782252
60,3541,2061,27.76120227
61,2061,3541,27.76120227
62,2061,191,10.72126579
63,191,2061,10.72126579
64,30,3912,1.094481836
65,3912,30,1.094481836
66,3912,4068,44.71310024
67,4068,3912,44.71310024
68,4068,4047,1.901999399
69,4047,4068,1.901999399
70,4047,3775,19.63034766
71,3775,4047,19.63034766
72,3775,3798,4.138491423
73,3798,3775,4.138491423
74,3798,342,6.483966194
75,342,3798,6.483966194
76,342,3702,3.313933721
77,3702,342,3.313933721
78,3702,3701,75.34019394
79,3701,3702,75.34019394
80,35,4155,104.5934955
81,4155,35,104.5934955
82,4156,1050,46.82934508
83,1050,4156,46.82934508
84,1050,1051,436.4134901
85,1051,1050,436.4134901
86,1051,36,48.94104803
87,36,1051,48.94104803
88,38,1003,39.77368484
89,1003,38,39.77368484
90,1003,39,295.6247677
91,39,1003,295.6247677
92,2864,3514,40.46224273
93,3514,2864,40.46224273
94,3514,3089,11.61514668
95,3089,3514,11.61514668
96,3089,40,38.9675073
97,40,3089,38.9675073
98,41,42,124.8944683
99,42,41,124.8944683
100,42,3576,118.2256565
101,3576,42,118.2256565
102,3576,3574,21.12705441
103,3574,3576,21.12705441
104,3574,3823,20.58220198
105,3823,3574,20.58220198
106,3823,43,3.024502004
107,43,3823,3.024502004
108,43,3461,79.26026594
109,3461,43,79.26026594
110,3461,44,79.51627732
111,44,3461,79.51627732
112,44,3463,9.129108195
113,3463,44,9.129108195
114,3463,3578,78.11482292
115,3578,3463,78.11482292
116,3578,4148,27.15437367
117,4148,3578,27.15437367
118,4148,45,46.24706329
119,45,4148,46.24706329
120,45,982,63.18988064
121,982,45,63.18988064
122,982,3961,56.82317043
123,3961,982,56.82317043
124,3961,3703,34.43076558
125,3703,3961,34.43076558
126,53,3507,48.27215615
127,3507,53,48.27215615
128,3507,4157,42.94464567
129,4157,3507,42.94464567
130,2239,4158,70.5519987
131,4158,2239,70.5519987
132,60,61,86.07452385
133,61,60,86.07452385
134,18,623,39.47494789
135,623,18,39.47494789
136,623,62,98.30415088
137,62,623,98.30415088
138,62,4159,102.2653887
139,4159,62,102.2653887
140,63,3820,54.70186198
141,3820,63,54.70186198
142,3820,64,109.6547446
143,64,3820,109.6547446
144,64,65,129.0075589
145,65,64,129.0075589
146,65,3620,82.56773431
147,3620,65,82.56773431
148,3620,66,69.91359057
149,66,3620,69.91359057
150,66,3816,70.81613158
151,3816,66,70.81613158
152,3816,3588,229.9857092
153,3588,3816,229.9857092
154,3588,67,93.23085008
155,67,3588,93.23085008
156,72,3613,50.00757522
157,3613,72,50.00757522
158,3613,880,13.11367961
159,880,3613,13.11367961
160,880,879,69.33290967
161,879,880,69.33290967
162,879,73,37.61757462
163,73,879,37.61757462
164,19,621,39.90274508
165,621,19,39.90274508
166,621,74,39.99492851
167,74,621,39.99492851
168,74,4160,160.5566458
169,4160,74,160.5566458
170,75,76,69.36880004
171,76,75,69.36880004
172,4161,1047,35.69357145
173,1047,4161,35.69357145
174,1047,36,54.07858411
175,36,1047,54.07858411
176,77,1035,39.38726534
177,1035,77,39.38726534
178,1035,78,38.17520895
179,78,1035,38.17520895
180,212,520,8.710508219
181,520,211,160.6189873
182,211,80,91.45979164
183,80,1090,32.33422361
184,687,3897,1.365330131
185,3897,687,1.365330131
186,3897,83,9.17623333
187,83,3897,9.17623333
188,83,84,65.00036567
189,84,83,65.00036567
190,3220,986,102.9294799
191,986,3220,102.9294799
192,986,93,242.3999391
193,93,986,242.3999391
194,93,2623,47.48238955
195,2623,93,47.48238955
196,2623,94,49.91309694
197,94,2623,49.91309694
198,94,2621,50.32314418
199,2621,94,50.32314418
200,2621,95,49.50639632
201,95,2621,49.50639632
202,91,4162,93.87377973
203,4162,91,93.87377973
204,5255,3425,38.30906471
205,3425,5255,38.30906471
206,3425,1013,30.74876079
207,1013,3425,30.74876079
208,1013,100,55.8261033
209,100,1013,55.8261033
210,100,3944,54.85245731
211,3944,100,54.85245731
212,3944,101,51.89467226
213,101,3944,51.89467226
214,101,3941,53.99625638
215,3941,101,53.99625638
216,3941,102,52.76199269
217,102,3941,52.76199269
218,108,3906,5.407260172
219,3906,3295,68.71189874
220,3295,3292,37.95445839
221,3292,483,47.58654734
222,11,113,141.4798349
223,113,11,141.4798349
224,113,319,70.03482872
225,319,113,70.03482872
226,319,4163,34.8042458
227,4163,319,34.8042458
228,481,3353,40.24381443
229,3353,481,40.24381443
230,3353,3339,2.506499604
231,3339,3353,2.506499604
232,3339,331,11.0446485
233,331,3339,11.0446485
234,331,31,58.32326059
235,31,331,58.32326059
236,31,328,50.49057996
237,328,31,50.49057996
238,328,343,5.968967683
239,343,328,5.968967683
240,343,45,51.12185726
241,45,343,51.12185726
242,45,3959,92.96596312
243,3959,45,92.96596312
244,3959,1017,16.81373685
245,1017,3959,16.81373685
246,1017,1076,13.77834006
247,1076,1017,13.77834006
248,1076,12,50.10628676
249,12,1076,50.10628676
250,238,20,34.60352902
251,20,238,34.60352902
252,20,617,39.80091703
253,617,20,39.80091703
254,617,4164,201.3067318
255,4164,617,201.3067318
256,111,3480,52.7763262
257,3480,111,52.7763262
258,3480,3201,77.54948537
259,3201,3480,77.54948537
260,3201,3192,81.23429555
261,3192,3201,81.23429555
262,3192,41,15.58417789
263,41,3192,15.58417789
264,41,114,27.27509657
265,114,41,27.27509657
266,86,3770,52.46290607
267,3770,86,52.46290607
268,3770,3492,7.990493435
269,3492,3770,7.990493435
270,3492,4165,26.9970837
271,4165,3492,26.9970837
272,4166,115,39.4186015
273,115,4166,39.4186015
274,116,303,157.1841223
275,303,116,157.1841223
276,5257,524,8.000001864
277,524,661,121.0281353
278,661,5250,8.77975927
279,5250,662,9.132928494
280,662,1315,66.6276588
281,1315,1316,18.18184642
282,1316,660,54.20496896
283,660,5251,8.910074929
284,688,1851,20.14725121
285,1851,688,20.14725121
286,1851,2555,11.2761817
287,2555,1851,11.2761817
288,2555,689,11.39669171
289,689,2555,11.39669171
290,7,3714,48.59326778
291,3714,7,48.59326778
292,3714,2989,36.54764471
293,2989,3714,36.54764471
294,2989,124,50.19012381
295,124,2989,50.19012381
296,4167,1048,38.56058732
297,1048,4167,38.56058732
298,1048,36,228.6239231
299,36,1048,228.6239231
300,36,1039,47.93232933
301,1039,36,47.93232933
302,1039,1044,21.16475295
303,1044,1039,21.16475295
304,2236,2237,48.75166577
305,2237,2236,48.75166577
306,2237,2247,35.56125125
307,2247,2237,35.56125125
308,2247,2244,18.6300019
309,2244,2247,18.6300019
310,2244,2238,99.43391107
311,2238,2244,99.43391107
312,2238,2239,47.60062379
313,2239,2238,47.60062379
314,2239,1036,51.56542078
315,1036,2239,51.56542078
316,1036,127,43.98973347
317,127,1036,43.98973347
318,128,1000,40.9347597
319,1000,128,40.9347597
320,1000,129,39.53312743
321,129,1000,39.53312743
322,129,77,80.46780825
323,77,129,80.46780825
324,301,2310,11.91600278
325,2310,301,11.91600278
326,2310,2311,22.74620552
327,2311,2310,22.74620552
328,2311,1866,19.09899358
329,1866,2311,19.09899358
330,1866,3371,52.14654775
331,3371,1866,52.14654775
332,3371,989,10.57035345
333,989,3371,10.57035345
334,989,858,128.9886325
335,858,989,128.9886325
336,858,125,9.15972169
337,125,858,9.15972169
338,130,4104,47.81681029
339,4104,130,47.81681029
340,4104,4103,24.80875353
341,4103,4104,24.80875353
342,4103,5254,30.24557557
343,5254,4103,30.24557557
344,5254,376,8.762283114
345,376,5254,8.762283114
346,376,263,4.025780647
347,263,376,4.025780647
348,263,5255,8.018529487
349,5255,263,8.018529487
350,979,87,13.45237681
351,87,979,13.45237681
352,87,1262,17.39233789
353,1262,87,17.39233789
354,1262,131,46.25581865
355,131,1262,46.25581865
356,132,133,124.7162297
357,133,132,124.7162297
358,133,94,145.890341
359,94,133,145.890341
360,94,130,182.5488832
361,130,94,182.5488832
362,134,586,63.95984981
363,586,134,63.95984981
364,586,3809,28.32156683
365,3809,586,28.32156683
366,3809,135,87.46667838
367,135,3809,87.46667838
368,1299,96,169.3648417
369,96,1299,169.3648417
370,142,143,198.4599191
371,143,142,198.4599191
372,38,128,78.87460094
373,128,38,78.87460094
374,128,127,43.81105282
375,127,128,43.81105282
376,127,4168,71.28712828
377,4168,127,71.28712828
378,25,1850,10.36515294
379,1850,25,10.36515294
380,1850,206,48.60269039
381,206,1850,48.60269039
382,206,1842,9.79041459
383,1842,206,9.79041459
384,1842,205,6.276033963
385,205,1842,6.276033963
386,205,1630,196.0138342
387,1630,205,196.0138342
388,1630,3114,68.10209638
389,3114,1630,68.10209638
390,3114,1591,72.60595798
391,1591,3114,72.60595798
392,1591,1990,62.58090104
393,1990,1591,62.58090104
394,1990,5252,12.14261895
395,5252,1990,12.14261895
396,145,3967,56.02048462
397,3967,145,56.02048462
398,3967,3965,83.91937013
399,3965,3967,83.91937013
400,3965,146,38.66269437
401,146,3965,38.66269437
402,147,95,145.6328578
403,95,147,145.6328578
404,95,148,102.0670537
405,148,95,102.0670537
406,148,2622,80.46701764
407,2622,148,80.46701764
408,2622,130,1.633866532
409,130,2622,1.633866532
410,2235,2236,34.32955742
411,2236,2235,34.32955742
412,2236,3818,43.68240828
413,3818,2236,43.68240828
414,3818,4169,24.44793144
415,4169,3818,24.44793144
416,149,230,169.4988125
417,230,149,169.4988125
418,150,878,198.6897864
419,878,150,198.6897864
420,58,3853,177.9862281
421,3853,58,177.9862281
422,3853,3529,119.6904387
423,3529,3853,119.6904387
424,3529,847,27.92470922
425,847,3529,27.92470922
426,847,3973,138.4677347
427,3973,847,138.4677347
428,3973,2854,23.52419132
429,2854,3973,23.52419132
430,2854,2856,87.02850889
431,2856,2854,87.02850889
432,2856,2852,15.30224085
433,2852,2856,15.30224085
434,2852,2853,105.1099152
435,2853,2852,105.1099152
436,2853,3825,15.60757466
437,3825,2853,15.60757466
438,3825,3826,57.42020601
439,3826,3825,57.42020601
440,3826,3215,42.52208294
441,3215,3826,42.52208294
442,3215,2907,93.73429971
443,2907,3215,93.73429971
444,2907,2631,60.10879223
445,2631,2907,60.10879223
446,2631,2632,20.76858781
447,2632,2631,20.76858781
448,2632,2908,37.11156446
449,2908,2632,37.11156446
450,2908,2915,9.795492564
451,2915,2908,9.795492564
452,2915,2916,52.9865871
453,2916,2915,52.9865871
454,2916,152,8.132554735
455,152,2916,8.132554735
456,152,132,173.2734886
457,132,152,173.2734886
458,132,2618,54.79828853
459,2618,132,54.79828853
460,2618,2700,15.03627396
461,2700,2618,15.03627396
462,2700,2705,144.3290594
463,2705,2700,144.3290594
464,2705,2695,13.29130239
465,2695,2705,13.29130239
466,2695,88,120.3360433
467,88,2695,120.3360433
468,152,4115,43.23488269
469,4115,152,43.23488269
470,4115,2633,23.0074958
471,2633,4115,23.0074958
472,2633,2628,12.90053464
473,2628,2633,12.90053464
474,2628,153,40.66718849
475,153,2628,40.66718849
476,153,2626,39.20751678
477,2626,153,39.20751678
478,2626,154,40.20829543
479,154,2626,40.20829543
480,155,987,46.78023598
481,987,155,46.78023598
482,987,2671,9.940937085
483,2671,987,9.940937085
484,2671,2637,4.147612303
485,2637,2671,4.147612303
486,2637,2674,44.05590314
487,2674,2637,44.05590314
488,2674,244,40.77564545
489,244,2674,40.77564545
490,69,3776,46.80195935
491,3776,69,46.80195935
492,3776,3777,32.40781577
493,3777,3776,32.40781577
494,3777,75,30.71210744
495,75,3777,30.71210744
496,75,3793,38.56354398
497,3793,75,38.56354398
498,3793,2767,12.78753779
499,2767,3793,12.78753779
500,2767,3800,25.50811786
501,3800,2767,25.50811786
502,3800,4136,18.92537879
503,4136,3800,18.92537879
504,4136,2765,20.22641038
505,2765,4136,20.22641038
506,2765,3971,37.37261485
507,3971,2765,37.37261485
508,3971,863,37.6729143
509,863,3971,37.6729143
510,863,35,16.59029344
511,35,863,16.59029344
512,35,156,89.40257256
513,156,35,89.40257256
514,156,999,63.67218718
515,999,156,63.67218718
516,999,157,63.95937634
517,157,999,63.95937634
518,157,3735,64.17544058
519,3735,157,64.17544058
520,3735,997,31.35950855
521,997,3735,31.35950855
522,997,124,32.32694434
523,124,997,32.32694434
524,158,3958,33.26955441
525,3958,158,33.26955441
526,3958,2998,14.37793535
527,2998,3958,14.37793535
528,2998,3822,7.205455154
529,3822,2998,7.205455154
530,3822,322,35.96046611
531,322,3822,35.96046611
532,322,159,49.12619903
533,159,322,49.12619903
534,159,113,137.5038285
535,113,159,137.5038285
536,113,1075,128.975572
537,1075,113,128.975572
538,1075,160,50.16096647
539,160,1075,50.16096647
540,160,1073,53.85202289
541,1073,160,53.85202289
542,1073,161,53.41830408
543,161,1073,53.41830408
544,161,162,84.06392251
545,162,161,84.06392251
546,162,141,159.3756927
547,141,162,159.3756927
548,141,314,41.73156648
549,314,141,41.73156648
550,314,62,39.54196277
551,62,314,39.54196277
552,74,313,40.31989576
553,313,74,40.31989576
554,313,163,39.55204521
555,163,313,39.55204521
556,163,312,39.93077239
557,312,163,39.93077239
558,312,164,39.10031521
559,164,312,39.10031521
560,129,4170,115.6427241
561,4170,129,115.6427241
562,2112,476,10.67834368
563,476,2112,10.67834368
564,476,914,108.5980304
565,914,476,108.5980304
566,914,766,14.83584502
567,766,914,14.83584502
568,766,2113,7.951352764
569,2113,766,7.951352764
570,2113,763,8.029325177
571,763,2113,8.029325177
572,763,2408,79.65466284
573,2408,763,79.65466284
574,2408,361,37.14156619
575,361,2408,37.14156619
576,361,453,16.00767828
577,453,361,16.00767828
578,453,2120,14.40041601
579,2120,453,14.40041601
580,2120,251,7.716978143
581,251,2120,7.716978143
582,142,336,55.35373405
583,336,142,55.35373405
584,336,219,55.10637367
585,219,336,55.10637367
586,14,1071,53.1636319
587,1071,14,53.1636319
588,1071,161,88.47941197
589,161,1071,88.47941197
590,161,4171,105.1481879
591,4171,161,105.1481879
592,164,4172,157.8066092
593,4172,164,157.8066092
594,55,3664,16.17808708
595,3664,55,16.17808708
596,3664,3969,29.21001205
597,3969,3664,29.21001205
598,3969,2808,43.22567282
599,2808,3969,43.22567282
600,2808,2807,16.27147711
601,2807,2808,16.27147711
602,2807,4135,16.40141569
603,4135,2807,16.40141569
604,4135,2804,94.88148116
605,2804,4135,94.88148116
606,2804,2813,9.98751335
607,2813,2804,9.98751335
608,2813,166,55.68320942
609,166,2813,55.68320942
610,166,3789,36.20807711
611,3789,166,36.20807711
612,3789,150,25.92400067
613,150,3789,25.92400067
614,150,882,48.12565028
615,882,150,48.12565028
616,882,116,7.648126486
617,116,882,7.648126486
618,116,881,15.62111271
619,881,116,15.62111271
620,881,3612,27.18449003
621,3612,881,27.18449003
622,3612,3019,41.31518984
623,3019,3612,41.31518984
624,3019,72,11.06701471
625,72,3019,11.06701471
626,72,71,49.86482039
627,71,72,49.86482039
628,71,149,10.48173988
629,149,71,10.48173988
630,149,145,84.38360798
631,145,149,84.38360798
632,145,134,104.3096922
633,134,145,104.3096922
634,134,3109,42.04033475
635,3109,134,42.04033475
636,3109,620,31.87283657
637,620,3109,31.87283657
638,620,2591,31.67842794
639,2591,620,31.67842794
640,2591,167,8.155356043
641,167,2591,8.155356043
642,168,4039,37.48300278
643,4039,168,37.48300278
644,4039,1425,25.02565524
645,1425,4039,25.02565524
646,1425,1427,63.79803543
647,1427,1425,63.79803543
648,1427,521,29.86880328
649,521,1427,29.86880328
650,521,682,5.017714766
651,682,521,5.017714766
652,682,3625,3.777795766
653,3625,682,3.777795766
654,3625,3627,7.973537076
655,3627,3625,7.973537076
656,3627,481,4.399722828
657,481,3627,4.399722828
658,166,3791,46.74805092
659,3791,166,46.74805092
660,3791,40,64.79451299
661,40,3791,64.79451299
662,40,304,74.74039461
663,304,40,74.74039461
664,307,138,141.6705151
665,138,307,141.6705151
666,138,102,167.3071184
667,102,138,167.3071184
668,102,169,152.1572303
669,169,102,152.1572303
670,89,3729,31.14917623
671,3729,89,31.14917623
672,3729,4173,61.97364362
673,4173,3729,61.97364362
674,1287,674,5.037138727
675,674,1287,5.037138727
676,674,3805,8.384102606
677,3805,674,8.384102606
678,3805,1194,34.29269623
679,1194,3805,34.29269623
680,1194,3215,18.42958156
681,3215,1194,18.42958156
682,3215,170,30.24729321
683,170,3215,30.24729321
684,170,2630,33.1705386
685,2630,170,33.1705386
686,2630,2629,13.47032336
687,2629,2630,13.47032336
688,2629,171,40.36331187
689,171,2629,40.36331187
690,171,2627,39.0635815
691,2627,171,39.0635815
692,2627,501,40.33041698
693,501,2627,40.33041698
694,501,2965,48.45263087
695,2965,501,48.45263087
696,2965,2961,14.94612266
697,2961,2965,14.94612266
698,2961,99,46.70486806
699,99,2961,46.70486806
700,99,2968,14.4462366
701,2968,99,14.4462366
702,2968,2937,23.40962515
703,2937,2968,23.40962515
704,2937,2969,56.25020554
705,2969,2937,56.25020554
706,2969,1242,1.123222158
707,1242,2969,1.123222158
708,1242,2639,15.4708229
709,2639,1242,15.4708229
710,2639,2928,36.93338793
711,2928,2639,36.93338793
712,2928,2682,6.505858684
713,2682,2928,6.505858684
714,2682,1286,11.24349664
715,1286,2682,11.24349664
716,6,3851,38.64471631
717,3851,6,38.64471631
718,3851,3952,64.16652392
719,3952,3851,64.16652392
720,3952,157,33.74450481
721,157,3952,33.74450481
722,157,4174,104.4336951
723,4174,157,104.4336951
724,172,136,266.1873335
725,136,172,266.1873335
726,136,100,167.3034059
727,100,136,167.3034059
728,100,173,156.1356886
729,173,100,156.1356886
730,78,115,172.0923234
731,115,78,172.0923234
732,5257,2556,8.309188325
733,2556,5257,8.309188325
734,2556,3252,67.4363317
735,3252,2556,67.4363317
736,3252,1004,77.97063873
737,1004,3252,77.97063873
738,1004,3568,92.40992813
739,3568,1004,92.40992813
740,3568,2133,61.46857297
741,2133,3568,61.46857297
742,2133,168,5.960055294
743,168,2133,5.960055294
744,175,4175,21.32661076
745,4175,175,21.32661076
746,126,779,18.34926377
747,779,126,18.34926377
748,779,2060,98.21008161
749,2060,779,98.21008161
750,2060,191,6.782896874
751,191,2060,6.782896874
752,191,2063,8.252171834
753,2063,191,8.252171834
754,2063,2353,85.44472234
755,2353,2063,85.44472234
756,2353,2065,12.80968581
757,2065,2353,12.80968581
758,2065,2356,8.874846395
759,2356,2065,8.874846395
760,2356,176,9.845478358
761,176,2356,9.845478358
762,176,2068,6.74096845
763,2068,176,6.74096845
764,2068,2074,59.93494568
765,2074,2068,59.93494568
766,2074,3865,58.86821021
767,3865,2074,58.86821021
768,3865,5251,8.700513356
769,5251,3865,8.700513356
770,110,333,56.16350417
771,333,110,56.16350417
772,333,33,57.69367357
773,33,333,57.69367357
774,33,345,57.18551776
775,345,33,57.18551776
776,345,43,58.64048436
777,43,345,58.64048436
778,15,1070,53.21027731
779,1070,15,53.21027731
780,1070,318,17.75534325
781,318,1070,17.75534325
782,318,162,70.43668467
783,162,318,70.43668467
784,162,316,69.95383831
785,316,162,69.95383831
786,316,4176,35.50173242
787,4176,316,35.50173242
788,23,4177,241.8468848
789,4177,23,241.8468848
790,258,1011,60.46207407
791,1011,258,60.46207407
792,1011,172,48.13358498
793,172,1011,48.13358498
794,172,3943,47.64443531
795,3943,172,47.64443531
796,3943,167,28.07745711
797,167,3943,28.07745711
798,167,177,29.48515553
799,177,167,29.48515553
800,464,463,6.20553607
801,463,464,6.20553607
802,463,765,27.01504469
803,765,463,27.01504469
804,765,2113,7.791123585
805,2113,765,7.791123585
806,171,153,282.3699435
807,153,171,282.3699435
808,153,2624,119.3278795
809,2624,153,119.3278795
810,2624,133,54.18341066
811,133,2624,54.18341066
812,133,2620,47.34363155
813,2620,133,47.34363155
814,2620,2619,8.483061305
815,2619,2620,8.483061305
816,2619,147,39.51029694
817,147,2619,39.51029694
818,139,1937,9.915319738
819,1937,139,9.915319738
820,1937,2362,73.44124522
821,2362,1937,73.44124522
822,2362,2361,13.9493803
823,2361,2362,13.9493803
824,1062,80,167.5215347
825,21,4178,241.6756232
826,4178,21,241.6756232
827,131,175,95.34628198
828,175,131,95.34628198
829,985,155,163.707201
830,155,985,163.707201
831,155,93,166.6465417
832,93,155,166.6465417
833,9,159,141.3015603
834,159,9,141.3015603
835,159,321,70.266326
836,321,159,70.266326
837,321,4179,34.39493839
838,4179,321,34.39493839
839,1004,1200,28.72629936
840,1200,1004,28.72629936
841,1200,1199,12.2609115
842,1199,1200,12.2609115
843,1199,1198,30.52706259
844,1198,1199,30.52706259
845,107,3899,8.083146772
846,3899,107,8.083146772
847,3899,684,2.211581489
848,684,3899,2.211581489
849,684,2491,9.688959697
850,2491,684,9.688959697
851,2491,3175,41.35443677
852,3175,2491,41.35443677
853,3175,2498,66.37497317
854,2498,3175,66.37497317
855,2498,1835,44.17582929
856,1835,2498,44.17582929
857,1835,174,5.32711446
858,174,1835,5.32711446
859,174,2496,9.355511953
860,2496,174,9.355511953
861,2496,3357,96.19990477
862,3357,2496,96.19990477
863,3357,2527,24.03837442
864,2527,3357,24.03837442
865,2527,165,9.105251221
866,165,2527,9.105251221
867,165,2535,9.906624829
868,2535,165,9.906624829
869,2535,2081,100.4534223
870,2081,2535,100.4534223
871,2081,2066,33.58662557
872,2066,2081,33.58662557
873,2066,176,12.80740791
874,176,2066,12.80740791
875,177,619,15.92721697
876,619,177,15.92721697
877,619,306,108.4410474
878,306,619,108.4410474
879,306,137,124.962845
880,137,306,124.962845
881,137,101,167.3052024
882,101,137,167.3052024
883,101,180,153.7540281
884,180,101,153.7540281
885,95,2717,51.92297353
886,2717,95,51.92297353
887,2717,61,67.08059264
888,61,2717,67.08059264
889,61,2723,18.21970908
890,2723,61,18.21970908
891,2723,2715,9.478624904
892,2715,2723,9.478624904
893,2715,2714,54.61073365
894,2714,2715,54.61073365
895,2714,2724,4.130141348
896,2724,2714,4.130141348
897,2724,3679,47.08365848
898,3679,2724,47.08365848
899,3679,90,13.10509648
900,90,3679,13.10509648
901,501,154,282.4094533
902,154,501,282.4094533
903,154,181,74.9336521
904,181,154,74.9336521
905,163,4180,160.7522427
906,4180,163,160.7522427
907,5,3287,37.57798098
908,3287,5,37.57798098
909,109,3348,44.79545472
910,3348,109,44.79545472
911,3348,332,9.459014603
912,332,3348,9.459014603
913,332,32,57.56669023
914,32,332,57.56669023
915,32,344,55.72455418
916,344,32,55.72455418
917,344,44,57.73836225
918,44,344,57.73836225
919,13,1074,52.92274413
920,1074,13,52.92274413
921,1074,160,88.09919662
922,160,1074,88.09919662
923,160,4181,105.4993261
924,4181,160,105.4993261
925,22,4182,241.7149011
926,4182,22,241.7149011
927,148,3954,201.6286358
928,3954,148,201.6286358
929,3954,92,47.14940765
930,92,3954,47.14940765
931,851,188,2.798825897
932,188,851,2.798825897
933,188,280,4.043989564
934,280,188,4.043989564
935,280,233,7.831589908
936,233,280,7.831589908
937,233,3236,28.24853737
938,3236,233,28.24853737
939,3236,3,34.11354763
940,3,3236,34.11354763
941,755,209,168.6345294
942,209,753,78.69205145
943,753,1153,31.45951827
944,191,2049,9.391909189
945,2049,191,9.391909189
946,2049,192,104.7080137
947,192,2049,104.7080137
948,1084,3708,26.42147281
949,3708,5256,9.752329804
951,5256,508,8.45289154
952,200,201,70.86187001
953,202,1775,69.67454596
954,1775,1810,68.71253614
955,1810,1233,5.084353562
956,1233,1726,98.59906967
957,1726,4033,4.547957732
958,4033,203,5.637773772
959,203,1761,9.429443969
960,1761,1815,115.175705
961,1815,1486,40.48607279
962,1486,204,50.43801873
963,204,2280,28.95553967
964,2280,1493,25.71976338
965,1493,1816,20.04875461
966,1816,1509,16.54601592
967,1509,1507,43.31099668
968,1507,1503,15.63522145
969,1503,201,10.36351677
970,206,1840,9.394435523
971,1840,206,9.394435523
972,1840,2315,46.23809979
973,2315,1840,46.23809979
974,2315,2312,7.733795203
975,2312,2315,7.733795203
976,2312,1845,21.63671051
977,1845,2312,21.63671051
978,1845,3742,7.947514628
979,3742,1845,7.947514628
980,205,4057,8.046314654
981,4057,205,8.046314654
982,4057,1547,3.76791543
983,1547,4057,3.76791543
984,1547,207,70.11526858
985,207,1547,70.11526858
986,207,1540,35.70104923
987,1540,207,35.70104923
988,1540,1661,119.4264616
989,1661,1540,119.4264616
990,1661,2054,95.15321978
991,2054,1661,95.15321978
992,2054,274,4.726194847
993,274,2054,4.726194847
994,187,854,49.37594962
995,208,857,113.997318
996,210,1,153.0376251
997,1,210,153.0376251
998,194,564,559.4697891
999,564,571,107.1618972
1000,193,194,32.34657148
1001,512,334,24.48445343
1002,334,519,44.33402528
1003,519,5256,11.43482935
1004,677,3631,3.362074545
1005,3631,1310,10.12238741
1006,1310,211,2.895411801
1007,211,3706,139.9097494
1008,3706,5256,8.7532412
1010,1083,335,31.60666957
1011,335,1083,31.60666957
1012,335,111,41.25407895
1013,111,335,41.25407895
1014,222,1704,11.86944931
1015,1704,228,101.1592564
1016,228,1399,77.1716511
1017,1399,2317,26.23190954
1018,2317,1394,35.61005611
1019,1394,2320,21.4236247
1020,2320,1735,7.75297556
1021,1735,1713,30.17798784
1022,1713,1715,3.82941423
1023,1715,223,6.6236192
1024,224,1814,62.78119341
1025,1814,1225,11.54212667
1026,1225,1759,126.8189172
1027,1759,1016,7.550597567
1028,179,1016,19.12234141
1029,1016,638,84.02716812
1030,638,1455,21.98075599
1031,1455,1456,95.58676862
1032,1456,225,30.11053742
1033,195,1772,6.582844347
1034,1772,1766,43.48948072
1035,1766,918,11.54233565
1036,918,911,35.36094163
1037,911,910,7.961751501
1038,910,1763,18.8814118
1039,1763,2173,50.69512643
1040,2173,2332,61.4701704
1041,2332,638,16.97602223
1042,638,1407,32.35461088
1043,1407,633,34.94946382
1044,633,635,27.35446209
1045,635,628,39.77481616
1046,628,227,78.7181446
1047,227,2090,40.61569273
1048,2090,1410,41.39426937
1049,1410,1413,70.91042703
1050,1413,1739,21.48458988
1051,1739,5251,6.204739374
1052,178,2143,11.04577104
1053,2143,1777,11.71411808
1054,1777,202,30.31543978
1055,202,1781,230.6795004
1056,1781,5253,5.10574249
1058,5253,2419,9.825679496
1059,2419,1228,80.75213573
1060,1228,2429,44.11445405
1061,2429,892,139.1280582
1062,179,214,13.07673808
1063,214,179,13.07673808
1064,214,1757,48.33858002
1065,1757,214,48.33858002
1066,1757,1400,38.54659276
1067,1400,1757,38.54659276
1068,1400,203,15.79512149
1069,203,1400,15.79512149
1070,203,1393,91.24951787
1071,1393,203,91.24951787
1072,1393,196,6.545043375
1073,196,1393,6.545043375
1074,196,1236,25.12712356
1075,1236,196,25.12712356
1076,1236,1396,29.90757413
1077,1396,1236,29.90757413
1078,1396,4055,28.47551895
1079,4055,1396,28.47551895
1080,4055,223,64.71971451
1081,223,4055,64.71971451
1082,223,1939,113.4566402
1083,1939,223,113.4566402
1084,1293,3713,0.867370089
1085,3713,1293,0.867370089
1086,3713,3336,15.43533211
1087,3336,3713,15.43533211
1088,3336,287,13.16678794
1089,287,3336,13.16678794
1090,287,143,55.77556376
1091,143,287,55.77556376
1092,231,182,35.57846048
1093,4183,231,76.1953155
1094,234,233,144.6133405
1095,233,366,70.92276889
1096,366,3772,372.015743
1097,3772,232,9.184775957
1098,232,580,332.5251594
1099,580,183,56.92095811
1100,183,3261,10.10763587
1101,3261,184,162.0666377
1102,184,1017,158.3309133
1103,1017,571,365.2429307
1104,4184,234,132.5372845
1105,71,3466,51.79684556
1106,3466,71,51.79684556
1107,3466,256,151.0652072
1108,256,3466,151.0652072
1109,269,246,14.80781308
1110,246,891,142.6706867
1111,255,3656,19.2844961
1112,3656,3275,66.88569796
1113,3275,2806,20.69922106
1114,2806,1264,51.94472929
1115,1264,3859,20.33586906
1116,3859,2802,54.7146772
1117,2802,2800,26.5644419
1118,2800,2801,43.25191653
1119,2801,890,18.74892175
1120,890,1283,29.88706756
1121,254,3465,63.55902278
1122,3465,254,63.55902278
1123,3465,283,283.9462679
1124,283,3465,283.9462679
1125,850,770,6.193570723
1126,770,850,6.193570723
1127,770,1027,175.2287734
1128,1027,770,175.2287734
1129,1027,1189,13.76684446
1130,1189,1027,13.76684446
1131,281,280,143.5448109
1132,280,3844,219.8440397
1133,3844,50,8.101495183
1134,50,279,245.8089178
1135,279,3842,7.90671625
1136,3842,690,1.846782669
1137,690,822,6.709582931
1138,822,407,34.96989889
1139,407,403,58.49430801
1140,403,398,239.0404815
1141,398,275,195.9574616
1142,275,806,16.00985131
1143,806,818,107.7884207
1144,818,1215,181.1637227
1145,1215,277,175.2278675
1146,277,276,10.71858061
1147,276,1212,11.58369021
1148,1212,1975,45.00634825
1149,1975,1974,166.6672325
1150,1974,271,15.50289532
1151,271,3624,13.6331853
1152,3624,1930,236.4159851
1153,1930,270,13.73731173
1154,270,1193,8.160825295
1155,1193,235,6.660780484
1156,235,70,521.4781948
1157,70,269,283.5042692
1158,269,371,59.14451884
1159,371,370,159.7509647
1160,370,369,34.95743865
1161,369,305,21.25582426
1162,305,264,463.6948654
1163,264,263,12.65227968
1164,263,563,280.410074
1165,563,262,19.17109625
1166,262,562,16.86900127
1167,562,4185,77.24143451
1168,272,1224,260.4424857
1169,1224,3049,58.42728149
1170,3049,266,190.9897269
1171,266,1296,192.7560497
1172,269,382,6.541703286
1173,382,2944,23.73279502
1174,2944,1249,26.08848604
1175,1249,267,221.3198426
1176,267,2833,36.23944528
1177,2833,268,79.98532965
1178,2822,1334,7.982101538
1179,1334,2822,7.982101538
1180,1334,827,39.83339943
1181,827,1334,39.83339943
1182,827,2815,16.84862623
1183,2815,827,16.84862623
1184,2815,3040,19.89361064
1185,3040,2815,19.89361064
1186,3040,2819,15.67897326
1187,2819,3040,15.67897326
1188,2819,2818,98.67611161
1189,2818,2819,98.67611161
1190,2818,2954,18.05282093
1191,2954,2818,18.05282093
1192,2954,2831,38.1447754
1193,2831,2954,38.1447754
1194,2831,266,12.30313129
1195,266,2831,12.30313129
1196,266,70,6.302821865
1197,70,266,6.302821865
1198,70,383,6.557583092
1199,383,70,6.557583092
1200,383,267,5.533784082
1201,267,383,5.533784082
1202,267,2838,60.97621167
1203,2838,267,60.97621167
1204,2838,1255,20.89134192
1205,1255,2838,20.89134192
1206,1255,1253,40.17209351
1207,1253,1255,40.17209351
1208,1253,1248,33.67305434
1209,1248,1253,33.67305434
1210,1248,97,6.888743256
1211,97,1248,6.888743256
1212,97,2841,59.72729359
1213,2841,97,59.72729359
1214,2841,2843,12.84786514
1215,2843,2841,12.84786514
1216,2843,1247,16.94165783
1217,1247,2843,16.94165783
1218,1247,2845,39.47176705
1219,2845,1247,39.47176705
1220,2845,98,39.08181221
1221,98,2845,39.08181221
1222,98,3724,25.62756684
1223,3724,98,25.62756684
1224,3724,2960,13.27317547
1225,2960,3724,13.27317547
1226,2960,99,58.30020704
1227,99,2960,58.30020704
1228,24,1211,10.91229635
1229,1211,24,10.91229635
1230,1211,1305,85.71699868
1231,1305,1211,85.71699868
1232,126,780,21.82905579
1233,780,2875,100.6675507
1234,2875,817,10.1148325
1235,817,2350,149.8768813
1236,2350,1218,29.20338989
1237,1218,3396,81.80003678
1238,3396,273,24.88329554
1239,24,277,12.57914162
1240,277,392,9.746789115
1241,392,1217,161.7832362
1242,1217,274,12.28708119
1243,274,820,172.205623
1244,820,1308,35.61587007
1245,4186,281,132.2873213
1246,140,3250,54.92161134
1247,3250,140,54.92161134
1248,3250,3251,8.073219413
1249,3251,3250,8.073219413
1250,3251,67,106.8944591
1251,67,3251,106.8944591
1252,104,1898,58.94264634
1253,1898,104,58.94264634
1254,1898,1895,19.59182575
1255,1895,1898,19.59182575
1256,1895,1897,17.9399784
1257,1897,1895,17.9399784
1258,1897,722,20.26935701
1259,722,1897,20.26935701
1260,808,810,228.5037402
1261,810,488,29.26201354
1262,488,1865,129.9536471
1263,1865,290,29.54686017
1264,292,293,25.62989572
1265,293,1915,80.18559536
1266,1915,295,149.5476864
1267,984,2017,29.339521
1268,2017,296,31.41238312
1269,296,297,34.44180864
1270,297,796,16.5511259
1271,294,2365,263.7146852
1272,2365,4187,440.8770938
1273,496,435,31.53450394
1274,435,426,29.71979911
1275,426,298,24.90220523
1276,298,438,7.203769663
1277,438,299,58.80590576
1278,299,4188,7.746426328
1279,4189,659,22.29019148
1280,659,4190,19.88281383
1281,2635,2227,11.75330741
1282,2227,2635,11.75330741
1283,2227,3141,32.79139569
1284,3141,2227,32.79139569
1285,3141,2217,33.25841421
1286,2217,3141,33.25841421
1287,2217,1377,36.42747689
1288,1377,2217,36.42747689
1289,1377,2206,66.37227507
1290,2206,1377,66.37227507
1291,2206,302,18.01358768
1292,302,2206,18.01358768
1293,306,3940,52.65352203
1294,3940,306,52.65352203
1295,3940,307,41.45037208
1296,307,3940,41.45037208
1297,37,1290,29.43979817
1298,1290,37,29.43979817
1299,4191,309,241.8370564
1300,309,4191,241.8370564
1301,4192,310,241.7145106
1302,310,4192,241.7145106
1303,4193,311,241.4059288
1304,311,4193,241.4059288
1305,4194,618,201.2686022
1306,618,4194,201.2686022
1307,4195,312,160.984377
1308,312,4195,160.984377
1309,4196,313,160.7925881
1310,313,4196,160.7925881
1311,4197,314,101.9766386
1312,314,4197,101.9766386
1313,314,624,96.72954005
1314,624,314,96.72954005
1315,315,316,159.0649407
1316,316,315,159.0649407
1317,318,317,159.3443291
1318,317,318,159.3443291
1319,4198,1073,105.3159482
1320,1073,4198,105.3159482
1321,1073,1072,88.29239332
1322,1072,1073,88.29239332
1323,321,319,137.6265665
1324,319,321,137.6265665
1325,319,320,129.164534
1326,320,319,129.164534
1327,320,4199,35.1666165
1328,4199,320,35.1666165
1329,326,327,83.08604346
1330,327,326,83.08604346
1331,327,328,158.3197615
1332,328,327,158.3197615
1333,329,3303,11.63161508
1334,3303,329,11.63161508
1335,3303,3291,19.91587636
1336,3291,3303,19.91587636
1337,3291,330,47.79340426
1338,330,3291,47.79340426
1339,330,331,158.5734321
1340,331,330,158.5734321
1341,331,3341,40.35938315
1342,3341,331,40.35938315
1343,3341,3350,11.47697148
1344,3350,3341,11.47697148
1345,3350,3351,10.40096679
1346,3351,3350,10.40096679
1347,3351,3343,17.15838126
1348,3343,3351,17.15838126
1349,3343,332,80.33833933
1350,332,3343,80.33833933
1351,332,333,158.449478
1352,333,332,158.449478
1353,333,513,159.4706779
1354,513,333,159.4706779
1355,513,334,5.044701114
1356,334,513,5.044701114
1357,335,3337,247.5336786
1358,3337,335,247.5336786
1359,3337,336,14.340119
1360,336,3337,14.340119
1361,336,903,15.68809305
1362,903,336,15.68809305
1363,903,894,16.93516428
1364,894,903,16.93516428
1365,894,287,165.040888
1366,287,894,165.040888
1367,287,284,200.8208712
1368,284,287,200.8208712
1369,337,2400,17.33791655
1370,2400,337,17.33791655
1371,2400,2403,3.99105761
1372,2403,2400,3.99105761
1373,2403,338,5.383306778
1374,338,2403,5.383306778
1375,339,2404,5.626387071
1376,2404,339,5.626387071
1377,2404,2401,3.384445518
1378,2401,2404,3.384445518
1379,2401,340,17.66075163
1380,340,2401,17.66075163
1381,341,326,54.3577613
1382,326,341,54.3577613
1383,326,342,52.38449745
1384,342,326,52.38449745
1385,343,4149,44.96908258
1386,4149,343,44.96908258
1387,4149,344,114.4892763
1388,344,4149,114.4892763
1389,344,345,158.4513128
1390,345,344,158.4513128
1391,345,346,162.0221279
1392,346,345,162.0221279
1393,347,348,4.531919613
1394,348,347,4.531919613
1395,348,349,35.38009418
1396,349,348,35.38009418
1397,349,350,88.0437434
1398,350,349,88.0437434
1399,350,351,25.95429347
1400,351,350,25.95429347
1401,351,467,8.435521888
1402,467,351,8.435521888
1403,467,352,14.39619841
1404,352,467,14.39619841
1405,352,473,89.34129289
1406,473,352,89.34129289
1407,473,324,26.47114534
1408,324,473,26.47114534
1409,324,347,21.43374671
1410,347,324,21.43374671
1411,2149,2147,12.45608289
1412,2147,353,125.1054581
1413,353,2116,7.657644136
1414,2116,516,145.2162832
1415,516,681,5.596741544
1416,348,351,107.9790382
1417,351,348,107.9790382
1418,478,2105,8.282975653
1419,2105,478,8.282975653
1420,2105,466,114.0346085
1421,466,2105,114.0346085
1422,466,460,61.75516688
1423,460,466,61.75516688
1424,460,459,40.37582342
1425,459,460,40.37582342
1426,459,455,41.76003952
1427,455,459,41.76003952
1428,455,454,61.42577779
1429,454,455,61.42577779
1430,454,2126,106.6167148
1431,2126,454,106.6167148
1432,2126,453,10.24676917
1433,453,2126,10.24676917
1434,350,349,70.31136271
1435,349,350,70.31136271
1436,352,324,100.5662667
1437,324,352,100.5662667
1438,2145,354,91.29235215
1439,354,2145,91.29235215
1440,355,357,53.0029783
1441,357,355,53.0029783
1442,358,2144,101.9541101
1443,2144,358,101.9541101
1444,213,362,61.68524734
1445,362,363,8.418127142
1446,282,364,64.69172472
1447,365,364,7.152397101
1448,367,4200,132.4142486
1449,4201,566,77.49887385
1450,566,372,16.62942992
1451,372,375,18.93021831
1452,375,376,280.5601999
1453,376,377,12.69136844
1454,377,265,484.7888079
1455,265,379,86.60239173
1456,379,378,64.88723903
1457,378,381,92.96014974
1458,381,382,10.56291162
1459,382,383,273.7767042
1460,383,384,530.5106974
1461,384,385,6.466038888
1462,385,1929,19.1319018
1463,1929,3623,231.2596844
1464,3623,390,13.60604495
1465,390,1973,14.48035486
1466,1973,1976,175.6351637
1467,1976,1213,42.85209898
1468,1213,391,12.1439772
1469,391,1214,10.7288886
1470,1214,392,8.819563966
1471,392,1216,164.1621617
1472,1216,819,182.6404406
1473,819,393,106.3342718
1474,393,394,7.904706487
1475,394,400,206.1474448
1476,400,404,238.6434328
1477,404,823,60.68859407
1478,823,824,35.63134799
1479,824,691,6.598518833
1480,691,3841,1.986075085
1481,3841,408,7.786325729
1482,408,411,243.6809711
1483,411,3845,8.220204862
1484,3845,188,214.637462
1485,188,367,142.9880889
1486,404,402,36.98041147
1487,402,404,36.98041147
1488,403,402,36.64740592
1489,402,403,36.64740592
1490,370,379,52.02485144
1491,378,371,43.63322383
1492,398,401,30.69546381
1493,401,398,30.69546381
1494,400,401,30.81582916
1495,401,400,30.81582916
1496,401,402,171.8019779
1497,402,401,171.8019779
1498,406,405,84.63816058
1499,395,2473,63.03097585
1500,2473,397,21.61697334
1501,4202,368,57.09994151
1502,387,389,100.5073749
1503,396,399,84.64788117
1504,410,409,84.64733624
1505,386,706,50.2794878
1506,706,388,50.22794364
1507,373,374,104.8160494
1508,3157,3160,34.15254649
1509,3160,3157,34.15254649
1510,3160,3158,19.27568981
1511,3158,3160,19.27568981
1512,3158,3783,85.93625696
1513,3783,3158,85.93625696
1514,3783,2788,58.05491586
1515,2788,3783,58.05491586
1516,2788,4203,13.20445215
1517,4203,2788,13.20445215
1518,431,441,38.42224626
1519,441,449,4.928254885
1520,730,3831,12.73761545
1521,443,424,31.36411926
1522,424,3873,3.8696759
1523,3873,3871,15.19352573
1524,3871,450,15.38855552
1525,450,433,5.97388741
1526,439,420,66.18984449
1527,424,426,27.52540751
1528,452,440,20.63585472
1529,440,452,20.63585472
1530,440,447,14.66209094
1531,447,440,14.66209094
1532,447,445,2.967008582
1533,445,447,2.967008582
1534,1159,1158,107.2492798
1535,507,414,10.60117135
1536,414,438,31.36495381
1537,446,442,28.79417243
1538,442,446,28.79417243
1539,421,451,19.0226468
1540,451,423,37.81218145
1541,423,413,15.17741569
1542,413,439,30.70556617
1543,442,422,81.1599822
1544,422,442,81.1599822
1545,422,440,7.94387743
1546,440,422,7.94387743
1547,435,443,23.96908599
1548,443,431,17.28895438
1549,431,1910,20.54965838
1550,1910,417,24.67316978
1551,417,449,46.03567974
1552,449,495,13.27338558
1553,418,419,41.76362947
1554,439,421,7.660177488
1555,421,416,21.89516538
1556,416,428,13.95501846
1557,428,420,11.61802016
1558,1156,3830,58.4907158
1559,447,437,23.64659743
1560,437,447,23.64659743
1561,437,418,64.03394284
1562,418,437,64.03394284
1563,418,4060,6.594830744
1564,4060,418,6.594830744
1565,419,437,25.89645325
1566,451,416,10.69964635
1567,289,189,208.9101706
1568,506,429,10.44503645
1569,429,298,34.13929037
1570,413,436,63.18547728
1571,436,417,10.83148021
1572,445,506,56.80112042
1573,506,445,56.80112042
1574,506,507,7.295984217
1575,507,506,7.295984217
1576,507,446,22.05282703
1577,446,507,22.05282703
1578,221,1740,10.87715963
1579,1740,1743,51.10764559
1580,1743,482,35.77305609
1581,482,1742,16.52460865
1582,1742,983,115.7618625
1583,983,1406,35.59864102
1584,1406,2158,5.589397507
1585,2158,1403,12.23769151
1586,1403,225,27.14150137
1587,225,1452,28.13286912
1588,1452,2150,43.12223254
1589,2113,764,11.79223914
1590,764,2113,11.79223914
1591,764,907,13.53122558
1592,907,764,13.53122558
1593,907,3557,104.8221372
1594,3557,907,104.8221372
1595,3557,195,17.98805549
1596,195,3557,17.98805549
1597,195,1295,8.874348731
1598,1295,195,8.874348731
1599,1295,1774,9.59819191
1600,1774,1295,9.59819191
1601,1774,3567,64.61735434
